dataset,train_regime,feature_name,vector_key,probe_variant,condition,layer,strength,signed_strength,raw_vector_norm,steering_vector_norm,baseline_prop_choose_long_term,baseline_prop_choose_immediate,baseline_prop_choose_long_term_no_fallback,baseline_prop_choose_immediate_no_fallback,baseline_mean_long_minus_immediate_avg_logprob,baseline_prop_logprob_prefers_long_term,delta_long_term_vs_baseline,delta_immediate_vs_baseline,delta_long_term_vs_baseline_no_fallback,delta_immediate_vs_baseline_no_fallback,delta_long_minus_immediate_avg_logprob_vs_baseline,delta_prop_logprob_prefers_long_term_vs_baseline,steering_success,steering_success_no_fallback,result_source,reused_from_path,n_prompts,n_no_fallback_prompts,prop_choose_long_term,prop_choose_immediate,prop_choose_long_term_no_fallback,prop_choose_immediate_no_fallback,fallback_rate,direct_parse_rate,mean_long_minus_immediate_avg_logprob,mean_long_minus_immediate_sum_logprob,prop_logprob_prefers_long_term
explicit_test,explicit_train_only,mean_answer_tokens,mm_probe_vectors,mm,steer_immediate,18,128.0,-128.0,12.663676261901855,0.9999999403953552,0.58,0.42,0.6363636363636364,0.36363636363636365,1.400651198476553,0.72,-0.10999999999999999,0.11000000000000004,,,-1.913230634778738,-0.24,0.53,,computed_now,,100,0,0.47,0.53,,,1.0,0.0,-0.512579436302185,-3.081310091018677,0.48
